%YAML:1.0
---
model_type: PINHOLE
camera_name: camera
image_width: 640
image_height: 480
distortion_parameters:
   k1: 0.0
   k2: 0.0
   p1: 0.0
   p2: 0.0
projection_parameters:
   fx: 381.4374084472656
   fy: 381.4374084472656
   cx: 322.9814453125
   cy: 238.18943786621094
